[32, 35, 36, 35, 38, 40, 43, 44] unsafe
[10, 13, 16, 20, 17] unsafe
[73, 76, 81, 84, 86, 87, 85] unsafe
[53, 55, 58, 61, 67, 68, 69, 69] unsafe
[63, 65, 68, 74, 75, 79] unsafe
[48, 49, 55, 58, 61, 67] unsafe
[47, 44, 47, 49, 52, 53] unsafe
[37, 36, 37, 39, 36] unsafe
[27, 24, 27, 30, 30] unsafe
[86, 83, 84, 85, 87, 89, 91, 95] unsafe
[8, 7, 8, 9, 15] unsafe
[20, 18, 21, 22, 24, 22, 23] unsafe
[96, 95, 96, 95, 97, 96] unsafe
[20, 17, 19, 20, 21, 18, 19, 19] unsafe
[89, 88, 91, 88, 90, 96] unsafe
[70, 69, 69, 72, 75] unsafe
[4, 3, 3, 5, 3] unsafe
[90, 87, 90, 93, 96, 96, 99, 99] unsafe
[48, 46, 49, 49, 53] unsafe
[69, 67, 67, 70, 77] unsafe
[24, 22, 23, 27, 28, 29, 32, 35] unsafe
[21, 19, 22, 25, 29, 30, 33, 32] unsafe
[72, 70, 71, 72, 75, 78, 82, 82] unsafe
[24, 22, 24, 27, 31, 32, 36] unsafe
[73, 71, 72, 73, 77, 82] unsafe
[18, 15, 17, 19, 26, 27, 28, 29] unsafe
[63, 61, 67, 69, 67] unsafe
[62, 59, 61, 63, 66, 68, 74, 74] unsafe
[14, 11, 13, 20, 21, 22, 26] unsafe
[73, 71, 72, 73, 78, 79, 85] unsafe
[15, 15, 18, 17, 18] unsafe
[78, 78, 80, 82, 84, 81, 83, 81] unsafe
[20, 20, 23, 25, 22, 23, 24, 24] unsafe
[92, 92, 90, 92, 93, 97] unsafe
[79, 79, 76, 79, 81, 82, 87] unsafe
[55, 55, 58, 59, 59, 62] unsafe
[91, 91, 93, 93, 95, 96, 99, 96] unsafe
[32, 32, 34, 37, 37, 37] unsafe
[22, 22, 22, 24, 26, 29, 31, 35] unsafe
[58, 58, 58, 61, 68] unsafe
[40, 40, 42, 44, 48, 49] unsafe
[50, 50, 53, 57, 58, 57] unsafe
[49, 49, 51, 52, 56, 59, 59] unsafe
[51, 51, 54, 55, 58, 60, 64, 68] unsafe
[29, 29, 30, 32, 36, 42] unsafe
[5, 5, 6, 13, 14] unsafe
[41, 41, 46, 49, 52, 50] unsafe
[1, 1, 6, 7, 8, 8] unsafe
[29, 29, 34, 36, 40] unsafe
[65, 65, 68, 73, 74, 75, 78, 84] unsafe
[4, 8, 7, 9, 12, 15] unsafe
[89, 93, 95, 96, 95, 97, 98, 96] unsafe
[50, 54, 56, 57, 55, 55] unsafe
[76, 80, 82, 79, 82, 83, 87] unsafe
[50, 54, 56, 53, 59] unsafe
[59, 63, 63, 65, 68, 71, 72, 74] unsafe
[22, 26, 27, 27, 24] unsafe
[54, 58, 61, 63, 65, 68, 68, 68] unsafe
[81, 85, 86, 86, 90] unsafe
[85, 89, 90, 90, 91, 98] unsafe
[11, 15, 19, 21, 24] unsafe
[30, 34, 36, 40, 39] unsafe
[39, 43, 47, 49, 52, 52] unsafe
[33, 37, 41, 43, 46, 50] unsafe
[24, 28, 31, 32, 36, 41] unsafe
[43, 47, 49, 56, 57, 59] unsafe
[70, 74, 77, 79, 85, 84] unsafe
[24, 28, 34, 35, 35] unsafe
[18, 22, 24, 30, 34] unsafe
[58, 62, 63, 68, 69, 76] unsafe
[3, 8, 5, 6, 9, 12, 13, 16] unsafe
[43, 48, 49, 47, 50, 53, 55, 54] unsafe
[31, 38, 37, 38, 40, 41, 44, 44] unsafe
[71, 78, 77, 79, 82, 85, 87, 91] unsafe
[26, 32, 29, 30, 33, 36, 43] unsafe
[53, 58, 60, 63, 63, 65, 66, 69] unsafe
[33, 38, 41, 44, 44, 42] unsafe
[74, 81, 81, 84, 85, 85] unsafe
[42, 47, 47, 50, 53, 55, 59] unsafe
[48, 53, 53, 54, 55, 57, 63] unsafe
[67, 73, 77, 78, 81] unsafe
[21, 28, 30, 34, 36, 37, 38, 35] unsafe
[77, 84, 86, 87, 89, 93, 94, 94] unsafe
[45, 50, 53, 56, 60, 64] unsafe
[81, 86, 88, 92, 94, 99] unsafe
[6, 13, 15, 16, 18, 23, 26, 28] unsafe
[61, 67, 74, 76, 79, 78] unsafe
[59, 65, 68, 70, 76, 79, 79] unsafe
[6, 11, 13, 20, 24] unsafe
[21, 26, 32, 33, 34, 36, 38, 43] unsafe
[13, 10, 9, 10, 7] unsafe
[71, 70, 69, 68, 66, 65, 68, 69] unsafe
[41, 38, 35, 34, 36, 36] unsafe
[40, 37, 36, 33, 36, 34, 32, 28] unsafe
[29, 28, 27, 28, 21] unsafe
[96, 94, 90, 88, 87, 85] unsafe
[61, 60, 59, 56, 55, 51, 52] unsafe
[27, 25, 22, 18, 18] unsafe
[91, 88, 85, 81, 80, 76] unsafe
[33, 31, 27, 26, 25, 22, 17] unsafe
[20, 17, 12, 11, 10, 7] unsafe
[21, 20, 18, 17, 10, 13] unsafe
[77, 74, 73, 68, 67, 67] unsafe
[49, 47, 44, 41, 39, 37, 32, 28] unsafe
[23, 22, 19, 14, 11, 10, 5] unsafe
[44, 47, 45, 42, 39, 36, 33] unsafe
[54, 57, 56, 54, 53, 56] unsafe
[69, 71, 69, 68, 65, 63, 59] unsafe
[78, 80, 78, 75, 68] unsafe
[83, 86, 83, 81, 80, 78, 81, 79] unsafe
[85, 87, 88, 86, 87] unsafe
[35, 36, 33, 30, 27, 25, 26, 26] unsafe
[65, 68, 66, 68, 65, 61] unsafe
[25, 27, 24, 24, 23, 22] unsafe
[4, 7, 7, 6, 7] unsafe
[64, 66, 66, 64, 64] unsafe
[60, 62, 60, 60, 57, 53] unsafe
[54, 57, 57, 55, 48] unsafe
[14, 16, 15, 11, 10, 9, 12] unsafe
[49, 51, 50, 46, 46] unsafe
[33, 36, 35, 34, 32, 30, 26, 22] unsafe
[56, 57, 54, 51, 47, 46, 45, 40] unsafe
[96, 98, 95, 89, 87] unsafe
[51, 53, 50, 48, 43, 46] unsafe
[69, 70, 65, 64, 63, 61, 61] unsafe
[39, 42, 41, 39, 34, 33, 29] unsafe
[99, 99, 98, 96, 97, 95, 94] unsafe
[57, 57, 54, 52, 54, 55] unsafe
[23, 23, 21, 24, 21, 21] unsafe
[55, 55, 52, 54, 51, 47] unsafe
[64, 64, 66, 63, 61, 60, 59, 54] unsafe
[34, 34, 32, 32, 29, 27] unsafe
[76, 76, 76, 75, 73, 76] unsafe
[93, 93, 90, 90, 87, 84, 82, 82] unsafe
[78, 78, 78, 76, 72] unsafe
[40, 40, 39, 36, 33, 33, 31, 24] unsafe
[81, 81, 78, 77, 74, 73, 69, 67] unsafe
[47, 47, 43, 41, 44] unsafe
[27, 27, 23, 21, 18, 18] unsafe
[70, 70, 68, 65, 63, 59, 56, 52] unsafe
[36, 36, 32, 31, 26] unsafe
[49, 49, 44, 43, 41, 38, 37, 36] unsafe
[67, 67, 66, 59, 57, 58] unsafe
[76, 76, 74, 68, 66, 66] unsafe
[61, 61, 54, 51, 47] unsafe
[43, 43, 40, 37, 31, 25] unsafe
[79, 75, 74, 73, 75, 73, 71, 69] unsafe
[76, 72, 75, 72, 71, 68, 70] unsafe
[54, 50, 51, 49, 47, 44, 41, 41] unsafe
[61, 57, 58, 57, 53] unsafe
[29, 25, 24, 27, 24, 21, 14] unsafe
[17, 13, 10, 7, 5, 5, 4, 2] unsafe
[31, 27, 27, 25, 22, 24] unsafe
[60, 56, 56, 53, 52, 50, 50] unsafe
[63, 59, 57, 57, 53] unsafe
[80, 76, 76, 74, 72, 66] unsafe
[48, 44, 41, 37, 34, 31, 30] unsafe
[41, 37, 36, 33, 29, 26, 23, 25] unsafe
[12, 8, 4, 3, 3] unsafe
[86, 82, 80, 78, 76, 72, 70, 66] unsafe
[38, 34, 32, 29, 28, 25, 21, 16] unsafe
[24, 20, 17, 15, 10, 7, 6, 5] unsafe
[38, 34, 29, 27, 24, 21, 20, 22] unsafe
[84, 80, 78, 72, 69, 66, 65, 65] unsafe
[30, 26, 23, 16, 14, 13, 9] unsafe
[82, 78, 77, 70, 68, 66, 60] unsafe
[63, 57, 60, 59, 58, 56, 55, 53] unsafe
[58, 52, 55, 52, 50, 48, 51] unsafe
[18, 13, 10, 9, 6, 8, 8] unsafe
[17, 11, 10, 12, 8] unsafe
[40, 33, 30, 27, 24, 25, 20] unsafe
[85, 79, 77, 74, 73, 73, 70, 67] unsafe
[52, 46, 45, 45, 44, 41, 39, 42] unsafe
[24, 19, 16, 16, 16] unsafe
[71, 65, 65, 63, 62, 59, 58, 54] unsafe
[44, 38, 38, 35, 30] unsafe
[62, 55, 51, 49, 48, 47, 44] unsafe
[80, 73, 70, 68, 66, 62, 60, 63] unsafe
[59, 54, 50, 47, 45, 45] unsafe
[49, 43, 40, 38, 34, 33, 29] unsafe
[47, 40, 39, 38, 37, 33, 27] unsafe
[69, 63, 62, 59, 56, 49, 48, 46] unsafe
[89, 84, 77, 74, 77] unsafe
[68, 61, 56, 53, 50, 50] unsafe
[31, 26, 20, 18, 14] unsafe
[72, 67, 64, 59, 57, 52] unsafe
[37, 40, 42, 39, 42, 43, 40] unsafe
[33, 34, 33, 35, 42] unsafe
[69, 72, 73, 76, 80, 83, 84, 86] unsafe
[71, 74, 75, 79, 76] unsafe
[8, 10, 13, 14, 16, 20, 20] unsafe
[1, 4, 6, 10, 14] unsafe
[66, 69, 72, 73, 77, 80, 86] unsafe
[27, 28, 33, 36, 37] unsafe
[22, 25, 28, 30, 32, 34, 39, 37] unsafe
[66, 68, 69, 71, 77, 77] unsafe
[73, 75, 78, 80, 87, 91] unsafe
[55, 57, 59, 62, 64, 69, 74] unsafe
[80, 78, 80, 81, 83, 84, 85, 85] unsafe
[69, 66, 69, 71, 75] unsafe
[79, 77, 78, 81, 82, 83, 88] unsafe
[79, 76, 79, 80, 77, 79] unsafe
[14, 13, 14, 12, 15, 18, 15] unsafe
[14, 12, 14, 15, 14, 14] unsafe
[65, 64, 63, 65, 68, 71, 75] unsafe
[36, 35, 37, 37, 38, 40] unsafe
[43, 41, 41, 44, 46, 49, 51, 48] unsafe
[45, 42, 45, 47, 47, 50, 50] unsafe
[61, 59, 60, 60, 64] unsafe
[4, 3, 5, 6, 8, 10, 10, 16] unsafe
[58, 55, 56, 59, 61, 62, 66, 68] unsafe
[89, 88, 89, 93, 95, 94] unsafe
[76, 75, 78, 79, 83, 85, 85] unsafe
[76, 73, 76, 78, 81, 85, 86, 90] unsafe
[76, 73, 74, 77, 82, 83, 84] unsafe
[63, 62, 63, 70, 67] unsafe
[14, 13, 18, 21, 22, 25, 25] unsafe
[66, 63, 65, 66, 72, 75, 79] unsafe
[24, 22, 25, 26, 33, 39] unsafe
[65, 65, 62, 65, 66] unsafe
[60, 60, 62, 65, 64, 67, 66] unsafe
[3, 3, 6, 7, 6, 6] unsafe
[23, 23, 24, 25, 24, 27, 31] unsafe
[39, 39, 37, 39, 42, 49] unsafe
[61, 61, 64, 66, 68, 68, 71] unsafe
[12, 12, 14, 14, 17, 19, 16] unsafe
[80, 80, 81, 81, 81] unsafe
[67, 67, 67, 68, 69, 71, 75] unsafe
[36, 36, 37, 39, 41, 44, 44, 50] unsafe
[36, 36, 38, 40, 44, 45, 48, 50] unsafe
[51, 51, 53, 57, 55] unsafe
[46, 46, 49, 53, 56, 56] unsafe
[67, 67, 71, 73, 77] unsafe
[57, 57, 61, 64, 65, 70] unsafe
[49, 49, 50, 52, 55, 58, 64, 65] unsafe
[44, 44, 46, 48, 49, 52, 57, 55] unsafe
[48, 48, 51, 53, 58, 58] unsafe
[1, 1, 3, 9, 12, 16] unsafe
[48, 48, 50, 52, 58, 59, 62, 69] unsafe
[75, 79, 80, 77, 79, 82, 84] unsafe
[47, 51, 52, 54, 52, 49] unsafe
[93, 97, 95, 96, 96] unsafe
[18, 22, 24, 27, 30, 28, 32] unsafe
[82, 86, 84, 87, 89, 91, 98] unsafe
[89, 93, 96, 96, 99] unsafe
[44, 48, 49, 49, 50, 48] unsafe
[13, 17, 18, 18, 18] unsafe
[2, 6, 8, 8, 9, 13] unsafe
[27, 31, 31, 34, 37, 38, 45] unsafe
[78, 82, 85, 89, 92] unsafe
[57, 61, 63, 67, 64] unsafe
[4, 8, 9, 13, 16, 19, 19] unsafe
[29, 33, 37, 40, 41, 43, 45, 49] unsafe
[59, 63, 67, 68, 70, 71, 77] unsafe
[52, 56, 57, 59, 62, 68, 71, 73] unsafe
[44, 48, 54, 56, 53] unsafe
[43, 47, 54, 57, 60, 60] unsafe
[10, 14, 16, 19, 25, 26, 30] unsafe
[38, 42, 48, 50, 53, 56, 62] unsafe
[60, 65, 67, 70, 67, 68] unsafe
[46, 51, 54, 52, 53, 56, 58, 55] unsafe
[22, 28, 30, 33, 35, 32, 34, 34] unsafe
[22, 28, 25, 28, 30, 32, 36] unsafe
[58, 65, 67, 66, 73] unsafe
[71, 78, 79, 82, 82, 83] unsafe
[2, 7, 8, 8, 5] unsafe
[57, 63, 66, 66, 67, 67] unsafe
[70, 75, 77, 79, 79, 80, 84] unsafe
[57, 62, 62, 65, 70] unsafe
[19, 26, 29, 32, 36, 38, 41] unsafe
[61, 66, 68, 69, 71, 73, 77, 75] unsafe
[62, 68, 72, 73, 75, 78, 78] unsafe
[64, 70, 72, 73, 75, 78, 82, 86] unsafe
[67, 72, 75, 79, 84] unsafe
[10, 15, 16, 22, 24, 25] unsafe
[27, 32, 38, 40, 43, 40] unsafe
[37, 42, 44, 47, 53, 53] unsafe
[4, 10, 15, 18, 22] unsafe
[20, 25, 28, 31, 37, 44] unsafe
[88, 86, 84, 86, 84, 83, 85] unsafe
[59, 58, 59, 57, 51] unsafe
[74, 72, 71, 67, 64, 63, 62] unsafe
[74, 72, 71, 69, 67, 63, 64] unsafe
[44, 41, 37, 35, 32, 32] unsafe
[80, 78, 74, 71, 69, 65] unsafe
[46, 43, 42, 39, 35, 29] unsafe
[26, 25, 22, 16, 13, 10] unsafe
[30, 27, 20, 18, 15, 12, 13] unsafe
[68, 67, 66, 59, 57, 55, 55] unsafe
[34, 32, 31, 30, 29, 23, 19] unsafe
[55, 53, 51, 46, 45, 38] unsafe
[61, 64, 63, 61, 58, 55, 52] unsafe
[66, 68, 67, 65, 64, 67] unsafe
[23, 25, 23, 20, 17, 16, 16] unsafe
[49, 51, 50, 47, 45, 38] unsafe
[79, 82, 79, 78, 81, 80, 77, 76] unsafe
[20, 21, 18, 20, 18, 17, 19] unsafe
[88, 89, 87, 90, 87, 84, 82, 82] unsafe
[63, 65, 66, 65, 61] unsafe
[65, 66, 69, 66, 63, 57] unsafe
[62, 64, 63, 63, 61, 59, 56] unsafe
[97, 99, 96, 93, 93, 92, 94] unsafe
[24, 27, 26, 26, 26] unsafe
[23, 25, 24, 23, 22, 22, 18] unsafe
[59, 61, 61, 59, 52] unsafe
[69, 72, 71, 69, 65, 62, 63] unsafe
[62, 65, 62, 61, 58, 54, 54] unsafe
[86, 88, 87, 83, 82, 78] unsafe
[29, 30, 28, 27, 23, 18] unsafe
[95, 97, 96, 90, 88] unsafe
[61, 62, 59, 58, 56, 53, 46, 49] unsafe
[66, 69, 66, 60, 60] unsafe
[47, 50, 48, 41, 38, 36, 34, 30] unsafe
[72, 73, 66, 65, 62, 56] unsafe
[71, 71, 72, 69, 66] unsafe
[69, 69, 67, 64, 67, 68] unsafe
[2, 2, 1, 4, 2, 2] unsafe
[49, 49, 47, 50, 47, 43] unsafe
[75, 75, 78, 76, 73, 72, 66] unsafe
[42, 42, 40, 37, 34, 32, 32, 29] unsafe
[58, 58, 58, 55, 58] unsafe
[51, 51, 49, 46, 44, 44, 42, 42] unsafe
[26, 26, 26, 25, 21] unsafe
[25, 25, 25, 23, 21, 19, 17, 12] unsafe
[85, 85, 84, 83, 79, 77, 74] unsafe
[61, 61, 59, 55, 53, 56] unsafe
[97, 97, 95, 92, 90, 86, 86] unsafe
[96, 96, 95, 92, 90, 86, 82] unsafe
[80, 80, 79, 75, 70] unsafe
[93, 93, 90, 87, 82, 79, 77] unsafe
[64, 64, 59, 56, 58] unsafe
[19, 19, 17, 14, 7, 6, 5, 5] unsafe
[26, 26, 25, 23, 20, 15, 12, 8] unsafe
[33, 33, 26, 24, 22, 16] unsafe
[26, 22, 19, 17, 15, 14, 16, 15] unsafe
[49, 45, 42, 45, 48] unsafe
[82, 78, 76, 75, 77, 74, 71, 71] unsafe
[40, 36, 33, 31, 28, 31, 30, 26] unsafe
[21, 17, 14, 16, 14, 11, 6] unsafe
[92, 88, 87, 87, 85] unsafe
[37, 33, 31, 31, 32] unsafe
[48, 44, 41, 40, 39, 36, 36, 36] unsafe
[52, 48, 46, 44, 43, 41, 41, 37] unsafe
[17, 13, 13, 11, 8, 3] unsafe
[58, 54, 50, 47, 44] unsafe
[87, 83, 81, 80, 78, 77, 73, 74] unsafe
[72, 68, 67, 63, 61, 60, 59, 59] unsafe
[61, 57, 54, 50, 46] unsafe
[27, 23, 20, 18, 14, 11, 5] unsafe
[49, 45, 43, 36, 35, 32] unsafe
[44, 40, 37, 34, 27, 25, 23, 25] unsafe
[98, 94, 87, 86, 85, 85] unsafe
[43, 39, 32, 29, 26, 24, 20] unsafe
[43, 39, 38, 32, 27] unsafe
[76, 70, 68, 67, 66, 64, 65, 64] unsafe
[91, 86, 84, 82, 84, 83, 85] unsafe
[64, 57, 54, 52, 49, 52, 52] unsafe
[75, 69, 68, 67, 70, 67, 66, 62] unsafe
[14, 7, 9, 7, 1] unsafe
[44, 37, 34, 34, 33, 30] unsafe
[73, 67, 64, 62, 62, 59, 56, 58] unsafe
[43, 36, 36, 34, 34] unsafe
[72, 66, 64, 62, 62, 60, 56] unsafe
[96, 91, 90, 90, 88, 86, 85, 79] unsafe
[70, 63, 60, 59, 57, 53, 51, 48] unsafe
[71, 66, 62, 60, 63] unsafe
[84, 79, 75, 72, 71, 68, 68] unsafe
[23, 18, 14, 13, 11, 9, 6, 2] unsafe
[70, 64, 60, 58, 55, 52, 51, 45] unsafe
[43, 36, 33, 32, 29, 22, 19, 18] unsafe
[70, 63, 58, 55, 54, 51, 48, 51] unsafe
[28, 22, 20, 17, 11, 10, 10] unsafe
[34, 29, 27, 26, 19, 15] unsafe
[58, 51, 44, 41, 34] unsafe
[89, 89, 92, 89, 90, 91, 94, 94] unsafe
[51, 51, 54, 55, 62, 60] unsafe
[72, 70, 66, 63, 61, 54] unsafe
[94, 92, 90, 83, 81, 78, 81] unsafe
[89, 93, 94, 94, 99] unsafe
[78, 79, 84, 86, 88, 89] unsafe
[40, 42, 35, 32, 28] unsafe
[61, 61, 58, 55, 48, 45, 43, 43] unsafe
[53, 54, 51, 54, 52, 54] unsafe
[23, 26, 24, 22, 21, 24, 23, 22] unsafe
[62, 66, 68, 70, 74, 78] unsafe
[76, 73, 72, 68, 65, 64, 64] unsafe
[41, 38, 36, 35, 29, 28, 25, 20] unsafe
[5, 11, 12, 13, 14, 20, 22, 26] unsafe
[65, 61, 60, 58, 54, 52, 49] unsafe
[83, 78, 77, 73, 70, 66] unsafe
[98, 97, 91, 88, 86, 86] unsafe
[37, 44, 46, 48, 52, 54, 57, 58] unsafe
[57, 53, 49, 48, 42] unsafe
[28, 28, 34, 35, 39] unsafe
[68, 70, 72, 70, 72, 79] unsafe
[30, 32, 35, 39, 42] unsafe
[59, 63, 65, 68, 71, 74, 73, 75] unsafe
[60, 64, 67, 70, 72, 74, 78, 78] unsafe
[26, 23, 23, 26, 29, 33] unsafe
[13, 10, 11, 12, 12, 14] unsafe
[8, 6, 6, 7, 6] unsafe
[9, 6, 8, 11, 13, 12, 13, 13] unsafe
[60, 58, 60, 58, 65] unsafe
[54, 54, 53, 50, 48, 43, 38] unsafe
[9, 5, 4, 3, 3, 2, 3] unsafe
[40, 40, 43, 42, 40, 36] unsafe
[16, 13, 12, 8, 6, 5, 1] unsafe
[43, 47, 48, 52, 58] unsafe
[26, 27, 26, 26, 20] unsafe
[10, 13, 13, 10, 8, 6, 3, 5] unsafe
[9, 4, 2, 5, 1] unsafe
[60, 66, 68, 70, 67, 67] unsafe
[54, 57, 54, 53, 54, 50] unsafe
[68, 68, 65, 66, 69, 72, 75] unsafe
[43, 43, 40, 38, 37, 36, 29, 25] unsafe
[44, 44, 47, 51, 51] unsafe
[8, 11, 10, 7, 6, 8, 2] unsafe
[18, 17, 13, 12, 10] unsafe
[63, 63, 61, 60, 60, 58, 57] unsafe
[31, 34, 32, 30, 28, 27, 24, 22] unsafe
[25, 21, 18, 11, 11] unsafe
[39, 42, 41, 37, 34, 36] unsafe
[51, 51, 49, 52, 51, 44] unsafe
[81, 85, 85, 88, 90, 87] unsafe
[48, 54, 55, 55, 56, 59] unsafe
[24, 21, 22, 25, 25, 27, 27] unsafe
[4, 11, 12, 18, 20, 18] unsafe
[77, 72, 65, 63, 59] unsafe
[97, 97, 93, 90, 89, 88, 86, 80] unsafe
[62, 69, 70, 70, 77] unsafe
[9, 13, 16, 17, 24, 26, 27, 31] unsafe
[58, 58, 61, 58, 62] unsafe
[63, 64, 62, 62, 62] unsafe
